3.375967741012573242e-01
5.066414475440979004e-01
4.671473503112792969e-01
3.592346608638763428e-01
4.648584425449371338e-01
4.742091894149780273e-01
4.502085447311401367e-01
5.024294853210449219e-01
4.231010079383850098e-01
4.169768691062927246e-01
2.754786908626556396e-01
3.702122569084167480e-01
5.535974502563476562e-01
5.277649164199829102e-01
4.650549888610839844e-01
4.478911161422729492e-01
5.302350521087646484e-01
2.401583790779113770e-01
3.851673603057861328e-01
3.988342285156250000e-01
3.832145929336547852e-01
4.270805716514587402e-01
4.404700398445129395e-01
4.180891811847686768e-01
4.566101133823394775e-01
4.458973407745361328e-01
4.491655230522155762e-01
4.090937376022338867e-01
4.678792357444763184e-01
3.879973292350769043e-01
4.244820475578308105e-01
3.919194936752319336e-01
4.260447025299072266e-01
4.491034746170043945e-01
7.869547605514526367e-01
4.752197861671447754e-01
4.232261776924133301e-01
4.474759101867675781e-01
3.482376635074615479e-01
5.596204996109008789e-01
4.454518556594848633e-01
5.385465621948242188e-01
3.976963162422180176e-01
3.875279128551483154e-01
3.082275390625000000e-01
4.811196029186248779e-01
4.057090580463409424e-01
5.003002882003784180e-01
4.080770611763000488e-01
5.038644075393676758e-01
4.305063784122467041e-01
4.239950776100158691e-01
5.149548649787902832e-01
4.673133492469787598e-01
5.314748287200927734e-01
3.893359303474426270e-01
3.898443877696990967e-01
3.640513420104980469e-01
5.130265355110168457e-01
4.589869379997253418e-01
4.460890591144561768e-01
3.545354902744293213e-01
5.598218441009521484e-01
3.720622658729553223e-01
3.341577053070068359e-01
8.615709543228149414e-01
5.057225227355957031e-01
4.632634520530700684e-01
3.889707326889038086e-01
3.879339098930358887e-01
4.732588529586791992e-01
4.117131531238555908e-01
4.296831488609313965e-01
4.336000382900238037e-01
5.353254079818725586e-01
3.209549486637115479e-01
4.261530339717864990e-01
5.150358676910400391e-01
3.869495689868927002e-01
4.562065601348876953e-01
3.325873613357543945e-01
4.198343157768249512e-01
7.015604376792907715e-01
4.114654660224914551e-01
4.367617964744567871e-01
6.193562150001525879e-01
5.461870431900024414e-01
5.422521829605102539e-01
5.649038553237915039e-01
4.826766550540924072e-01
3.804558217525482178e-01
3.428471088409423828e-01
4.536705017089843750e-01
4.299710988998413086e-01
3.794124722480773926e-01
6.134288907051086426e-01
4.988344013690948486e-01
4.385121762752532959e-01
3.236635923385620117e-01
4.275918602943420410e-01
3.545390367507934570e-01
4.413288235664367676e-01
4.507878422737121582e-01
5.681436657905578613e-01
4.321511089801788330e-01
4.158760309219360352e-01
4.374500513076782227e-01
3.985190689563751221e-01
4.583900570869445801e-01
4.245020747184753418e-01
5.044511556625366211e-01
5.111573338508605957e-01
3.433731198310852051e-01
3.849211335182189941e-01
5.298036932945251465e-01
4.621936678886413574e-01
3.714805841445922852e-01
4.477860927581787109e-01
3.553426265716552734e-01
6.616027355194091797e-01
5.029587149620056152e-01
4.003559947013854980e-01
3.693945407867431641e-01
5.217814445495605469e-01
4.626437425613403320e-01
3.780551552772521973e-01
3.184465169906616211e-01
4.366096258163452148e-01
4.778467714786529541e-01
5.677673816680908203e-01
4.362198114395141602e-01
4.148996770381927490e-01
3.554005324840545654e-01
5.068398714065551758e-01
5.285787582397460938e-01
6.109392642974853516e-01
3.410715162754058838e-01
4.483173489570617676e-01
4.781071841716766357e-01
5.439956784248352051e-01
4.989836812019348145e-01
3.480398952960968018e-01
3.974755704402923584e-01
4.483597278594970703e-01
3.896915614604949951e-01
4.292086958885192871e-01
3.664517402648925781e-01
4.095597267150878906e-01
3.664838671684265137e-01
6.810580492019653320e-01
5.627530813217163086e-01
3.714574575424194336e-01
5.429418087005615234e-01
3.601417839527130127e-01
4.091132283210754395e-01
5.461754798889160156e-01
4.723736643791198730e-01
5.021761059761047363e-01
5.435159206390380859e-01
4.092037677764892578e-01
4.502791166305541992e-01
3.396320343017578125e-01
4.144132435321807861e-01
5.268207788467407227e-01
3.507605791091918945e-01
3.928341567516326904e-01
4.822693169116973877e-01
5.577231645584106445e-01
4.244697093963623047e-01
3.094606399536132812e-01
6.182209849357604980e-01
5.195077657699584961e-01
4.020906090736389160e-01
5.513928532600402832e-01
5.269445180892944336e-01
3.616344332695007324e-01
5.392140150070190430e-01
3.409365415573120117e-01
4.668347239494323730e-01
4.974345862865447998e-01
3.625148534774780273e-01
4.489791393280029297e-01
5.916578769683837891e-01
6.105457544326782227e-01
3.695735931396484375e-01
4.474235773086547852e-01
4.115965962409973145e-01
4.422024786472320557e-01
3.682022094726562500e-01
5.998728275299072266e-01
3.648949265480041504e-01
3.699495196342468262e-01
3.967680931091308594e-01
4.879464507102966309e-01
3.795293271541595459e-01
5.071636438369750977e-01
4.351384937763214111e-01
4.110399782657623291e-01
5.556074976921081543e-01
2.501222789287567139e-01
5.497251749038696289e-01
4.894763231277465820e-01
4.283519983291625977e-01
4.807285368442535400e-01
3.244181275367736816e-01
6.315656900405883789e-01
3.231944441795349121e-01
4.598885774612426758e-01
3.926316797733306885e-01
4.496701657772064209e-01
4.233855903148651123e-01
3.759502768516540527e-01
5.419551134109497070e-01
4.240576624870300293e-01
4.077162146568298340e-01
4.501373171806335449e-01
4.438884556293487549e-01
3.149917721748352051e-01
4.190219044685363770e-01
3.520040512084960938e-01
2.821246385574340820e-01
4.325616061687469482e-01
4.620673656463623047e-01
5.369659662246704102e-01
3.901885747909545898e-01
4.382992386817932129e-01
4.632968008518218994e-01
5.755342245101928711e-01
5.325577259063720703e-01
4.481122493743896484e-01
4.148731827735900879e-01
4.739168882369995117e-01
4.202063679695129395e-01
2.790931761264801025e-01
4.259993731975555420e-01
3.845387697219848633e-01
5.717752575874328613e-01
6.196182966232299805e-01
4.702689051628112793e-01
4.172800779342651367e-01
4.390555918216705322e-01
3.587397336959838867e-01
4.768191277980804443e-01
5.823885202407836914e-01
3.848918676376342773e-01
4.737161099910736084e-01
5.326983928680419922e-01
4.612661600112915039e-01
4.669864773750305176e-01
3.592509627342224121e-01
5.171264410018920898e-01
3.722894191741943359e-01
5.007979869842529297e-01
4.171968102455139160e-01
3.228901326656341553e-01
3.436034321784973145e-01
5.283389091491699219e-01
5.432032346725463867e-01
5.047820210456848145e-01
4.072695672512054443e-01
5.300385951995849609e-01
4.588084220886230469e-01
4.352408647537231445e-01
2.956098318099975586e-01
4.465075731277465820e-01
4.674112498760223389e-01
3.715907335281372070e-01
6.193858385086059570e-01
4.521934688091278076e-01
5.320454835891723633e-01
3.531265258789062500e-01
4.238218665122985840e-01
4.696897864341735840e-01
3.703771829605102539e-01
5.049853324890136719e-01
1.912239491939544678e-01
4.460426568984985352e-01
3.452658653259277344e-01
5.453411936759948730e-01
7.941074371337890625e-01
4.561294913291931152e-01
4.113072752952575684e-01
3.644897341728210449e-01
2.897852361202239990e-01
3.718325495719909668e-01
4.743151068687438965e-01
4.434697628021240234e-01
4.140081107616424561e-01
4.374778270721435547e-01
5.739927291870117188e-01
4.266960322856903076e-01
4.554143548011779785e-01
3.845762014389038086e-01
5.053166747093200684e-01
3.387841582298278809e-01
5.074278712272644043e-01
4.554181396961212158e-01
3.796603083610534668e-01
3.926808238029479980e-01
3.395642042160034180e-01
6.526659727096557617e-01
5.742214918136596680e-01
5.070142745971679688e-01
4.737337231636047363e-01
4.159808456897735596e-01
4.664361774921417236e-01
4.554113149642944336e-01
4.083039164543151855e-01
4.656359851360321045e-01
3.189650475978851318e-01
2.666421532630920410e-01
4.301745891571044922e-01
4.818123579025268555e-01
5.222676992416381836e-01
3.516624271869659424e-01
4.643364548683166504e-01
4.313491582870483398e-01
4.766048789024353027e-01
4.554652571678161621e-01
5.006247758865356445e-01
4.062975645065307617e-01
4.595259726047515869e-01
5.013718605041503906e-01
4.142584502696990967e-01
3.941741585731506348e-01
2.930616438388824463e-01
2.719050049781799316e-01
5.142747163772583008e-01
4.317300915718078613e-01
6.031788587570190430e-01
3.126339316368103027e-01
7.414220571517944336e-01
4.194720983505249023e-01
3.499228656291961670e-01
4.051806330680847168e-01
4.072672724723815918e-01
4.506174623966217041e-01
3.408699035644531250e-01
3.164969980716705322e-01
4.450185596942901611e-01
4.070602953433990479e-01
4.124231636524200439e-01
3.982948958873748779e-01
5.207619667053222656e-01
3.510833978652954102e-01
7.010601758956909180e-01
6.009030342102050781e-01
4.412935972213745117e-01
4.538445472717285156e-01
4.994898736476898193e-01
4.108703732490539551e-01
3.461095392704010010e-01
3.446344435214996338e-01
5.129666924476623535e-01
3.998014926910400391e-01
5.318765640258789062e-01
4.439795613288879395e-01
4.485758543014526367e-01
3.558745384216308594e-01
4.349859952926635742e-01
4.203998446464538574e-01
2.228877246379852295e-01
3.912536203861236572e-01
3.863824605941772461e-01
4.299803674221038818e-01
5.028433799743652344e-01
4.053983986377716064e-01
4.141374528408050537e-01
5.439081192016601562e-01
4.544021487236022949e-01
5.992886424064636230e-01
4.414567053318023682e-01
3.883302807807922363e-01
4.455684423446655273e-01
4.504954814910888672e-01
2.950769662857055664e-01
4.509801566600799561e-01
4.383707046508789062e-01
3.422563076019287109e-01
4.762117862701416016e-01
6.999009847640991211e-01
4.589322209358215332e-01
4.770327508449554443e-01
6.015706062316894531e-01
4.552981555461883545e-01
3.534750342369079590e-01
3.907144963741302490e-01
4.304164946079254150e-01
9.888123273849487305e-01
7.353298664093017578e-01
3.934715390205383301e-01
4.072384536266326904e-01
3.525296449661254883e-01
5.395076274871826172e-01
4.992091357707977295e-01
4.280909299850463867e-01
5.062434673309326172e-01
4.155105650424957275e-01
3.182253539562225342e-01
3.886569142341613770e-01
3.570023179054260254e-01
3.462078273296356201e-01
4.559795558452606201e-01
4.221178889274597168e-01
4.493558406829833984e-01
4.590037167072296143e-01
3.256519734859466553e-01
4.144485592842102051e-01
4.042887687683105469e-01
5.490438342094421387e-01
4.110853672027587891e-01
6.373292803764343262e-01
4.571940302848815918e-01
4.729661047458648682e-01
5.230876207351684570e-01
4.062434434890747070e-01
3.973166346549987793e-01
4.937052130699157715e-01
4.381038248538970947e-01
4.431402683258056641e-01
4.424289464950561523e-01
3.570280671119689941e-01
3.297131359577178955e-01
4.112420976161956787e-01
4.473411440849304199e-01
4.313336610794067383e-01
3.950075209140777588e-01
5.959460139274597168e-01
4.044065475463867188e-01
3.296723961830139160e-01
4.922880530357360840e-01
7.428494691848754883e-01
4.781169891357421875e-01
4.264319837093353271e-01
5.273963212966918945e-01
4.801774621009826660e-01
3.963242173194885254e-01
3.682373762130737305e-01
3.870177268981933594e-01
4.456407427787780762e-01
3.462798595428466797e-01
4.405585527420043945e-01
3.518139719963073730e-01
4.105408191680908203e-01
4.371930658817291260e-01
4.430553913116455078e-01
3.121563196182250977e-01
3.703959584236145020e-01
3.716173470020294189e-01
4.890758991241455078e-01
3.523975610733032227e-01
5.584504604339599609e-01
4.068557620048522949e-01
4.443444609642028809e-01
4.141005277633666992e-01
3.711201548576354980e-01
3.706193566322326660e-01
4.484091401100158691e-01
5.078113079071044922e-01
3.056289255619049072e-01
4.572935104370117188e-01
3.254549503326416016e-01
5.694910287857055664e-01
5.519304275512695312e-01
4.368681311607360840e-01
6.102524399757385254e-01
5.513976216316223145e-01
3.918832540512084961e-01
4.966877400875091553e-01
3.529676198959350586e-01
4.701234996318817139e-01
4.388723075389862061e-01
4.296126663684844971e-01
6.468026638031005859e-01
5.543351173400878906e-01
5.345456004142761230e-01
5.285485386848449707e-01
4.069675207138061523e-01
4.251780509948730469e-01
5.170117616653442383e-01
4.247149825096130371e-01
2.995280623435974121e-01
2.558372020721435547e-01
3.845840096473693848e-01
5.535893440246582031e-01
4.963596463203430176e-01
3.059864044189453125e-01
4.016879796981811523e-01
3.706892728805541992e-01
4.069504141807556152e-01
5.638791322708129883e-01
4.378814399242401123e-01
2.098282873630523682e-01
4.392782449722290039e-01
3.829181194305419922e-01
5.031284093856811523e-01
5.794695615768432617e-01
4.307853579521179199e-01
3.748419880867004395e-01
5.038914084434509277e-01
4.545871019363403320e-01
5.022099018096923828e-01
5.519825220108032227e-01
5.507220625877380371e-01
4.230164289474487305e-01
4.114204943180084229e-01
4.179591834545135498e-01
4.630392193794250488e-01
3.475340306758880615e-01
3.805257976055145264e-01
3.805790543556213379e-01
4.125439226627349854e-01
5.254907608032226562e-01
4.239304661750793457e-01
4.647086262702941895e-01
4.252439141273498535e-01
4.743347764015197754e-01
4.462626874446868896e-01
4.395685195922851562e-01
4.997795820236206055e-01
4.603577852249145508e-01
3.983720242977142334e-01
5.015026330947875977e-01
4.334779977798461914e-01
4.632928073406219482e-01
4.588085412979125977e-01
5.234510898590087891e-01
3.467764258384704590e-01
4.340716004371643066e-01
4.145445823669433594e-01
4.542756974697113037e-01
5.246972441673278809e-01
4.065113961696624756e-01
4.055593311786651611e-01
4.921365678310394287e-01
3.156434297561645508e-01
4.167970418930053711e-01
4.590202867984771729e-01
4.717396497726440430e-01
4.308144450187683105e-01
4.006804823875427246e-01
4.022419452667236328e-01
4.086959064006805420e-01
4.648761749267578125e-01
4.335327744483947754e-01
4.127557873725891113e-01
5.002758502960205078e-01
4.481620192527770996e-01
4.382003843784332275e-01
3.901970982551574707e-01
4.266279339790344238e-01
4.180881977081298828e-01
4.518382549285888672e-01
4.440887272357940674e-01
3.841734230518341064e-01
3.923563957214355469e-01
5.419207811355590820e-01
4.400970339775085449e-01
4.473055899143218994e-01
4.919970035552978516e-01
3.711884319782257080e-01
5.044841766357421875e-01
4.172456562519073486e-01
4.017076790332794189e-01
8.975932598114013672e-01
4.925663769245147705e-01
4.324542284011840820e-01
4.744785130023956299e-01
4.710088372230529785e-01
5.155614614486694336e-01
5.462313890457153320e-01
5.238944888114929199e-01
5.714136362075805664e-01
4.215346276760101318e-01
4.374383091926574707e-01
5.609118342399597168e-01
5.442081689834594727e-01
4.098935425281524658e-01
3.199850618839263916e-01
3.810848593711853027e-01
7.358361482620239258e-01
2.960477471351623535e-01
3.462402820587158203e-01
4.629119634628295898e-01
4.810240566730499268e-01
4.375487565994262695e-01
4.905545413494110107e-01
3.358793258666992188e-01
5.267133712768554688e-01
6.120952367782592773e-01
3.906594216823577881e-01
5.167558193206787109e-01
5.607961416244506836e-01
5.121018886566162109e-01
3.485093414783477783e-01
4.430457949638366699e-01
3.914978802204132080e-01
4.627637267112731934e-01
4.605684876441955566e-01
6.247715353965759277e-01
4.657382071018218994e-01
3.761205077171325684e-01
3.518778383731842041e-01
3.469581902027130127e-01
4.452876448631286621e-01
5.318912267684936523e-01
7.085316181182861328e-01
4.242980480194091797e-01
3.285555541515350342e-01
3.642681241035461426e-01
4.154768288135528564e-01
4.717516005039215088e-01
5.739049911499023438e-01
3.826510906219482422e-01
5.040119886398315430e-01
4.800581336021423340e-01
4.053895473480224609e-01
1.059446811676025391e+00
3.120829761028289795e-01
4.071697890758514404e-01
4.011964499950408936e-01
3.879829049110412598e-01
3.700225353240966797e-01
5.480564832687377930e-01
7.949225306510925293e-01
3.861129581928253174e-01
3.951494693756103516e-01
3.810863494873046875e-01
4.624015688896179199e-01
4.480805397033691406e-01
3.770580291748046875e-01
4.974481165409088135e-01
4.626382291316986084e-01
4.815325438976287842e-01
5.165969133377075195e-01
5.133283138275146484e-01
4.129504561424255371e-01
5.625578165054321289e-01
4.154117107391357422e-01
4.526430368423461914e-01
4.520979821681976318e-01
3.559732437133789062e-01
3.344930112361907959e-01
3.025664985179901123e-01
4.198871552944183350e-01
3.747712373733520508e-01
5.525897741317749023e-01
5.089860558509826660e-01
4.078907370567321777e-01
3.987959027290344238e-01
3.862044811248779297e-01
2.623578011989593506e-01
4.446067214012145996e-01
4.423037767410278320e-01
4.098022580146789551e-01
5.702602863311767578e-01
5.514122247695922852e-01
4.742190539836883545e-01
4.576699137687683105e-01
4.310845136642456055e-01
4.106538295745849609e-01
4.716669917106628418e-01
4.359411597251892090e-01
6.318302750587463379e-01
4.425554573535919189e-01
3.563587367534637451e-01
8.113389015197753906e-01
7.834895849227905273e-01
5.719467401504516602e-01
3.760464191436767578e-01
4.197971224784851074e-01
4.282665252685546875e-01
3.698825240135192871e-01
3.869222700595855713e-01
4.746198952198028564e-01
4.564644098281860352e-01
4.441480338573455811e-01
4.770537614822387695e-01
3.940725326538085938e-01
4.677926898002624512e-01
3.823355734348297119e-01
4.377801418304443359e-01
4.139091968536376953e-01
5.287950634956359863e-01
3.921336531639099121e-01
3.950837254524230957e-01
4.720030725002288818e-01
6.075538396835327148e-01
4.039443731307983398e-01
3.434108793735504150e-01
5.409744381904602051e-01
2.921147346496582031e-01
4.140177965164184570e-01
4.532421231269836426e-01
4.723307490348815918e-01
4.711104035377502441e-01
4.117218852043151855e-01
4.208861887454986572e-01
2.806782126426696777e-01
5.232685804367065430e-01
2.133160531520843506e-01
4.338402450084686279e-01
5.471442937850952148e-01
4.479814767837524414e-01
2.793966531753540039e-01
4.250009059906005859e-01
5.061833262443542480e-01
2.464006990194320679e-01
4.706918597221374512e-01
3.630704283714294434e-01
4.584794044494628906e-01
6.199237108230590820e-01
6.281653642654418945e-01
3.437383174896240234e-01
4.177643060684204102e-01
3.992652595043182373e-01
4.059173464775085449e-01
4.611133933067321777e-01
3.002605438232421875e-01
4.537171721458435059e-01
4.450780153274536133e-01
3.983426988124847412e-01
4.150030016899108887e-01
4.462718963623046875e-01
4.850270748138427734e-01
4.724783301353454590e-01
4.662958383560180664e-01
4.659912586212158203e-01
2.469455748796463013e-01
4.188283085823059082e-01
4.509884119033813477e-01
3.457989990711212158e-01
4.946448206901550293e-01
3.741327822208404541e-01
4.089853167533874512e-01
4.495319128036499023e-01
4.847317934036254883e-01
4.428025484085083008e-01
3.334751427173614502e-01
4.402712583541870117e-01
3.867029249668121338e-01
3.904119133949279785e-01
3.669560849666595459e-01
3.909901678562164307e-01
4.837560057640075684e-01
4.389187693595886230e-01
4.089907705783843994e-01
3.370669186115264893e-01
3.389619588851928711e-01
3.744618892669677734e-01
4.550898969173431396e-01
4.074796140193939209e-01
4.611917436122894287e-01
5.310947895050048828e-01
4.708776473999023438e-01
3.587046861648559570e-01
3.769390583038330078e-01
3.792054951190948486e-01
8.649606704711914062e-01
4.104261398315429688e-01
4.472185671329498291e-01
4.495507180690765381e-01
5.006510019302368164e-01
4.301068186759948730e-01
4.804074168205261230e-01
5.380709171295166016e-01
5.108284950256347656e-01
5.168086290359497070e-01
5.202816128730773926e-01
4.248111248016357422e-01
5.592387914657592773e-01
4.076178073883056641e-01
5.143488645553588867e-01
4.393446445465087891e-01
4.958539605140686035e-01
4.157734811305999756e-01
4.442454278469085693e-01
2.294614166021347046e-01
4.624157249927520752e-01
4.276463389396667480e-01
3.369445204734802246e-01
5.245052576065063477e-01
4.822550415992736816e-01
4.572913646697998047e-01
4.272482991218566895e-01
3.235760033130645752e-01
4.488417506217956543e-01
5.049058198928833008e-01
4.122613668441772461e-01
4.087646007537841797e-01
4.579716324806213379e-01
5.081499814987182617e-01
4.544439911842346191e-01
2.422399371862411499e-01
3.662383556365966797e-01
4.314928054809570312e-01
4.320620000362396240e-01
4.146802425384521484e-01
2.344435453414916992e-01
4.760745763778686523e-01
4.314157962799072266e-01
3.735370337963104248e-01
2.177861034870147705e-01
3.067254424095153809e-01
4.354658126831054688e-01
6.063970327377319336e-01
5.402259826660156250e-01
4.128532707691192627e-01
4.012170732021331787e-01
4.329498112201690674e-01
6.884415149688720703e-01
4.133704304695129395e-01
4.258539080619812012e-01
4.601121842861175537e-01
4.066290557384490967e-01
3.509705662727355957e-01
6.481049060821533203e-01
4.761843085289001465e-01
2.532480359077453613e-01
4.409405589103698730e-01
3.806337714195251465e-01
4.495826363563537598e-01
3.851352035999298096e-01
4.644853174686431885e-01
4.614801406860351562e-01
5.953266024589538574e-01
3.185136914253234863e-01
2.864924073219299316e-01
5.104231834411621094e-01
3.851328492164611816e-01
3.923046588897705078e-01
7.327330112457275391e-01
3.674991726875305176e-01
4.094590544700622559e-01
4.500115513801574707e-01
3.619224429130554199e-01
4.212156236171722412e-01
4.270800352096557617e-01
3.974015116691589355e-01
5.802398920059204102e-01
4.289654493331909180e-01
4.178125858306884766e-01
4.341296553611755371e-01
7.668722867965698242e-01
4.038511216640472412e-01
4.112698733806610107e-01
4.679926633834838867e-01
3.952492177486419678e-01
3.612521886825561523e-01
5.086565613746643066e-01
4.579087495803833008e-01
4.908024668693542480e-01
4.660157561302185059e-01
3.891729712486267090e-01
4.243999123573303223e-01
3.892912864685058594e-01
5.048499107360839844e-01
3.827533423900604248e-01
4.631452560424804688e-01
4.673447906970977783e-01
5.817961692810058594e-01
3.661108613014221191e-01
3.471338748931884766e-01
4.170361459255218506e-01
3.993480503559112549e-01
4.665089845657348633e-01
2.167388200759887695e-01
5.328738093376159668e-01
4.580265283584594727e-01
4.076126813888549805e-01
4.135281741619110107e-01
4.675710797309875488e-01
3.527190089225769043e-01
6.987346410751342773e-01
7.162357568740844727e-01
6.346510052680969238e-01
4.064780473709106445e-01
5.638111829757690430e-01
5.575079321861267090e-01
6.862950325012207031e-01
4.455792605876922607e-01
4.059027433395385742e-01
4.816597104072570801e-01
4.714015126228332520e-01
4.830143749713897705e-01
4.836418330669403076e-01
4.840357005596160889e-01
3.562971949577331543e-01
3.470537662506103516e-01
4.378188848495483398e-01
5.551139116287231445e-01
4.388659298419952393e-01
4.196566641330718994e-01
6.801410317420959473e-01
3.095195591449737549e-01
6.790137290954589844e-01
3.324164450168609619e-01
3.677462935447692871e-01
7.521833181381225586e-01
4.874114096164703369e-01
2.534500062465667725e-01
4.084886014461517334e-01
4.507207572460174561e-01
3.921175897121429443e-01
4.689804613590240479e-01
4.157510995864868164e-01
3.930761218070983887e-01
5.641815662384033203e-01
4.338729381561279297e-01
5.320957899093627930e-01
4.582829475402832031e-01
4.469467699527740479e-01
5.478944778442382812e-01
3.834945261478424072e-01
3.584507703781127930e-01
4.032830595970153809e-01
4.542525708675384521e-01
3.066426515579223633e-01
6.201142072677612305e-01
4.224953055381774902e-01
3.251716494560241699e-01
4.066753387451171875e-01
4.218047261238098145e-01
4.205139577388763428e-01
6.449894905090332031e-01
7.978974580764770508e-01
4.650935530662536621e-01
3.640640974044799805e-01
5.972074270248413086e-01
4.719131290912628174e-01
4.315699040889739990e-01
6.377078294754028320e-01
4.413612484931945801e-01
4.075736403465270996e-01
4.268006682395935059e-01
3.988896608352661133e-01
5.230810642242431641e-01
4.968909025192260742e-01
4.468469917774200439e-01
3.454886972904205322e-01
4.597525000572204590e-01
4.300567507743835449e-01
6.329385042190551758e-01
4.885731339454650879e-01
6.461495757102966309e-01
6.895561814308166504e-01
2.813335061073303223e-01
4.673694074153900146e-01
5.452346801757812500e-01
5.093221068382263184e-01
4.080504775047302246e-01
4.429066479206085205e-01
5.101040005683898926e-01
5.381975173950195312e-01
3.670346438884735107e-01
3.701058924198150635e-01
4.678502678871154785e-01
3.925445377826690674e-01
5.062888264656066895e-01
6.842777729034423828e-01
4.068021774291992188e-01
4.425440728664398193e-01
3.769181370735168457e-01
4.386374652385711670e-01
4.894636273384094238e-01
3.905303478240966797e-01
4.390341937541961670e-01
4.443236291408538818e-01
3.672838211059570312e-01
5.067439079284667969e-01
4.905886650085449219e-01
4.357426166534423828e-01
5.095582008361816406e-01
4.337991476058959961e-01
4.480012059211730957e-01
4.108144044876098633e-01
2.520831227302551270e-01
4.625061154365539551e-01
4.422163367271423340e-01
3.692365586757659912e-01
5.100898146629333496e-01
3.418131172657012939e-01
3.255101442337036133e-01
3.427987396717071533e-01
4.404087066650390625e-01
5.166972279548645020e-01
3.949128091335296631e-01
5.235239267349243164e-01
5.655762553215026855e-01
6.206063032150268555e-01
3.986524343490600586e-01
4.166291058063507080e-01
3.781929016113281250e-01
4.310202598571777344e-01
4.536308646202087402e-01
4.814707934856414795e-01
4.252611100673675537e-01
4.470641016960144043e-01
4.464495182037353516e-01
2.966365516185760498e-01
4.623478353023529053e-01
4.045094847679138184e-01
3.896204531192779541e-01
4.721537232398986816e-01
3.635063171386718750e-01
3.451179862022399902e-01
5.735721588134765625e-01
4.846889674663543701e-01
4.747793674468994141e-01
4.840674698352813721e-01
4.890963435173034668e-01
4.433980584144592285e-01
3.642412424087524414e-01
4.652206897735595703e-01
3.494945466518402100e-01
3.808273971080780029e-01
5.465753674507141113e-01
3.620413541793823242e-01
3.626641631126403809e-01
4.881391525268554688e-01
5.962852835655212402e-01
3.878323435783386230e-01
3.686530590057373047e-01
5.165598988533020020e-01
4.273433387279510498e-01
3.822020590305328369e-01
3.127408623695373535e-01
3.520659804344177246e-01
4.108778834342956543e-01
3.053119778633117676e-01
3.521943986415863037e-01
4.608309864997863770e-01
4.636094868183135986e-01
5.094081759452819824e-01
4.311244487762451172e-01
5.010404586791992188e-01
4.222388565540313721e-01
5.254123210906982422e-01
4.116213023662567139e-01
3.500618040561676025e-01
3.878614902496337891e-01
3.134763836860656738e-01
4.076457917690277100e-01
4.656496047973632812e-01
5.804563760757446289e-01
4.696351289749145508e-01
4.723080396652221680e-01
3.526866137981414795e-01
5.344108939170837402e-01
4.873450100421905518e-01
5.967290401458740234e-01
7.466647028923034668e-01
4.886001944541931152e-01
3.202822208404541016e-01
3.866395354270935059e-01
4.266111850738525391e-01
3.595055937767028809e-01
4.743599295616149902e-01
4.730613231658935547e-01
4.413307309150695801e-01
3.357493877410888672e-01
5.286784172058105469e-01
5.789822936058044434e-01
3.974229097366333008e-01
1.157501459121704102e+00
4.004433453083038330e-01
5.049086213111877441e-01
4.269247651100158691e-01
3.683722913265228271e-01
4.202584624290466309e-01
4.703618884086608887e-01
4.142801165580749512e-01
3.381158411502838135e-01
5.116473436355590820e-01
5.213946104049682617e-01
5.319535136222839355e-01
2.321363538503646851e-01
5.093870162963867188e-01
3.929086327552795410e-01
5.536147356033325195e-01
5.056176185607910156e-01
3.765936791896820068e-01
5.673646330833435059e-01
4.326022267341613770e-01
4.444752931594848633e-01
4.180339276790618896e-01
4.469226598739624023e-01
4.755503535270690918e-01
4.139657616615295410e-01
4.742093682289123535e-01
4.242551326751708984e-01
4.883625507354736328e-01
3.866781890392303467e-01
5.998232364654541016e-01
3.624485731124877930e-01
4.825463294982910156e-01
7.165677547454833984e-01
4.651766717433929443e-01
4.497337937355041504e-01
4.951572418212890625e-01
5.119782686233520508e-01
3.549995422363281250e-01
4.514487385749816895e-01
3.552513718605041504e-01
4.139364957809448242e-01
5.519168376922607422e-01
9.038314223289489746e-01
4.275371432304382324e-01
5.310468673706054688e-01
4.654936194419860840e-01
4.816593527793884277e-01
7.538875341415405273e-01
2.563099265098571777e-01
3.743385076522827148e-01
4.335492551326751709e-01
4.487161040306091309e-01
4.714477062225341797e-01
6.804201602935791016e-01
6.438504457473754883e-01
4.527176022529602051e-01
3.848451972007751465e-01
4.439335167407989502e-01
5.768398046493530273e-01
3.835765719413757324e-01
4.185865223407745361e-01
3.698517084121704102e-01
5.083927512168884277e-01
4.951841831207275391e-01
3.950355648994445801e-01
4.513968527317047119e-01
5.426633358001708984e-01
8.181748390197753906e-01
6.057033538818359375e-01
4.325361847877502441e-01
5.144027471542358398e-01
4.259864091873168945e-01
4.376932084560394287e-01
3.439303040504455566e-01
4.497615694999694824e-01
4.216505885124206543e-01
4.243206381797790527e-01
3.848348557949066162e-01
3.943134546279907227e-01
6.420737504959106445e-01
4.020245075225830078e-01
4.494937658309936523e-01
3.776707351207733154e-01
3.956397771835327148e-01
4.507501721382141113e-01
4.214530587196350098e-01
4.527992606163024902e-01
4.358519613742828369e-01
3.115534782409667969e-01
4.783934354782104492e-01
5.038787126541137695e-01
4.081280231475830078e-01
3.664793968200683594e-01
4.704120755195617676e-01
4.549603164196014404e-01
3.432486951351165771e-01
5.298558473587036133e-01
4.099672734737396240e-01
3.828874826431274414e-01
3.329473435878753662e-01
3.986755907535552979e-01
5.096785426139831543e-01
4.384287893772125244e-01
4.339457750320434570e-01
5.215058922767639160e-01
2.474504262208938599e-01
3.899471163749694824e-01
3.443151116371154785e-01
4.246704280376434326e-01
4.526952505111694336e-01
5.084332823753356934e-01
4.552247524261474609e-01
4.178446531295776367e-01
4.336289167404174805e-01
4.944098591804504395e-01
7.110487222671508789e-01
4.593271315097808838e-01
2.696267366409301758e-01
3.974815905094146729e-01
3.508982062339782715e-01
3.938797414302825928e-01
6.377071738243103027e-01
4.010276794433593750e-01
4.901276826858520508e-01
4.341919124126434326e-01
8.736149668693542480e-01
5.586698055267333984e-01
4.091641306877136230e-01
4.572314918041229248e-01
4.280103147029876709e-01
4.273474216461181641e-01
4.742950797080993652e-01
7.901931405067443848e-01
5.270770788192749023e-01
5.206683874130249023e-01
4.705044031143188477e-01
4.547211229801177979e-01
4.709876775741577148e-01
4.759614467620849609e-01
3.720001578330993652e-01
3.757781684398651123e-01
3.757536709308624268e-01
4.373313784599304199e-01
7.115817070007324219e-01
4.282003045082092285e-01
4.604923725128173828e-01
4.895669221878051758e-01
4.488871097564697266e-01
4.657244682312011719e-01
6.029045581817626953e-01
3.331496417522430420e-01
5.166117548942565918e-01
4.567778110504150391e-01
4.036639928817749023e-01
3.815495073795318604e-01
5.574517846107482910e-01
3.496755957603454590e-01
3.170789480209350586e-01
4.929714500904083252e-01
4.777360260486602783e-01
3.861279487609863281e-01
4.474734663963317871e-01
5.799474716186523438e-01
4.784082174301147461e-01
5.031049251556396484e-01
4.848426580429077148e-01
4.863610863685607910e-01
6.116111278533935547e-01
4.217380285263061523e-01
3.955661952495574951e-01
6.261302232742309570e-01
4.723719358444213867e-01
7.700911760330200195e-01
4.968370795249938965e-01
4.163109660148620605e-01
4.121541678905487061e-01
3.759189248085021973e-01
3.722860813140869141e-01
6.512788534164428711e-01
5.992412567138671875e-01
4.328117370605468750e-01
5.209914445877075195e-01
4.416619539260864258e-01
4.046541452407836914e-01
4.240815341472625732e-01
4.248055815696716309e-01
3.994187414646148682e-01
5.565977096557617188e-01
4.420252442359924316e-01
4.154141545295715332e-01
5.845053195953369141e-01
4.044542312622070312e-01
4.032441377639770508e-01
5.616914629936218262e-01
4.376591742038726807e-01
5.426701307296752930e-01
4.156744480133056641e-01
3.147010803222656250e-01
4.728280305862426758e-01
3.687179088592529297e-01
4.124255776405334473e-01
3.645361363887786865e-01
5.092802047729492188e-01
4.894070029258728027e-01
4.168970286846160889e-01
3.814919590950012207e-01
3.510909378528594971e-01
3.860999345779418945e-01
4.388718008995056152e-01
5.468478798866271973e-01
3.459245562553405762e-01
3.502454757690429688e-01
5.013408064842224121e-01
4.590868651866912842e-01
4.493564963340759277e-01
4.326863884925842285e-01
3.646486699581146240e-01
4.085744619369506836e-01
5.208808183670043945e-01
4.914740920066833496e-01
4.703462421894073486e-01
4.064582288265228271e-01
4.418579041957855225e-01
4.432951807975769043e-01
3.707609176635742188e-01
3.532710373401641846e-01
4.184254407882690430e-01
4.750935435295104980e-01
2.840858697891235352e-01
3.383263945579528809e-01
4.068508744239807129e-01
3.282328844070434570e-01
2.653434276580810547e-01
5.108790397644042969e-01
4.353682696819305420e-01
4.495030939579010010e-01
3.532073795795440674e-01
5.281903147697448730e-01
5.615943670272827148e-01
4.187987744808197021e-01
6.483070850372314453e-01
4.038827419281005859e-01
4.249191284179687500e-01
5.552957653999328613e-01
3.272013962268829346e-01
5.906680226325988770e-01
3.978019058704376221e-01
4.545963406562805176e-01
7.099192738533020020e-01
4.323959052562713623e-01
4.767562448978424072e-01
3.974499106407165527e-01
4.399177432060241699e-01
4.711020886898040771e-01
3.989124298095703125e-01
4.442473351955413818e-01
4.881888329982757568e-01
4.039050340652465820e-01
5.767410397529602051e-01
4.012114405632019043e-01
5.941671133041381836e-01
5.011603236198425293e-01
3.863468766212463379e-01
4.715089797973632812e-01
4.711605906486511230e-01
3.963908553123474121e-01
3.972165286540985107e-01
5.723027586936950684e-01
3.527999222278594971e-01
5.348991155624389648e-01
4.526507258415222168e-01
4.344968497753143311e-01
3.690679073333740234e-01
4.275937676429748535e-01
4.503380358219146729e-01
4.434244632720947266e-01
4.874711930751800537e-01
4.002050161361694336e-01
3.253477215766906738e-01
3.747874498367309570e-01
2.867981195449829102e-01
5.081952214241027832e-01
4.571508467197418213e-01
3.877152204513549805e-01
5.213835239410400391e-01
4.395126104354858398e-01
3.811356723308563232e-01
5.047535896301269531e-01
4.200231432914733887e-01
3.878519237041473389e-01
4.337339699268341064e-01
4.982049167156219482e-01
4.328498840332031250e-01
4.424624741077423096e-01
4.227997362613677979e-01
2.058769613504409790e-01
3.942674398422241211e-01
4.232768714427947998e-01
4.946258068084716797e-01
3.753703236579895020e-01
4.675203859806060791e-01
4.393259882926940918e-01
3.219385743141174316e-01
3.678652644157409668e-01
5.888699293136596680e-01
4.000043570995330811e-01
3.852325379848480225e-01
3.796658515930175781e-01
5.388555526733398438e-01
3.583154976367950439e-01
3.737572133541107178e-01
4.713118672370910645e-01
5.156692862510681152e-01
5.203031301498413086e-01
4.355321228504180908e-01
4.012337923049926758e-01
4.426319003105163574e-01
4.911016821861267090e-01
3.575443327426910400e-01
4.483037590980529785e-01
5.010629892349243164e-01
4.817301928997039795e-01
4.085707068443298340e-01
3.850796818733215332e-01
5.173734426498413086e-01
3.738165795803070068e-01
4.191848933696746826e-01
5.631473660469055176e-01
4.406030774116516113e-01
4.465020596981048584e-01
4.468716084957122803e-01
5.621283054351806641e-01
7.582344412803649902e-01
4.409070611000061035e-01
4.256960153579711914e-01
4.620663821697235107e-01
4.616478681564331055e-01
3.957365155220031738e-01
5.040327906608581543e-01
4.974690973758697510e-01
5.337530970573425293e-01
3.802499771118164062e-01
4.716542363166809082e-01
4.683822393417358398e-01
4.699661731719970703e-01
3.458008766174316406e-01
4.805680513381958008e-01
5.234206318855285645e-01
3.851716518402099609e-01
3.794759511947631836e-01
4.113536179065704346e-01
5.221899747848510742e-01
5.207262039184570312e-01
5.925040245056152344e-01
3.755152523517608643e-01
4.107352197170257568e-01
5.906699299812316895e-01
4.601204395294189453e-01
5.721287131309509277e-01
4.145161211490631104e-01
5.225448012351989746e-01
5.169311761856079102e-01
4.304541945457458496e-01
3.873166143894195557e-01
5.254978537559509277e-01
3.966518044471740723e-01
7.129622101783752441e-01
4.340892434120178223e-01
4.299766421318054199e-01
4.327635467052459717e-01
5.017767548561096191e-01
3.858176171779632568e-01
4.071435928344726562e-01
4.568677544593811035e-01
3.773128390312194824e-01
5.687029361724853516e-01
4.482195377349853516e-01
4.689280390739440918e-01
5.795078873634338379e-01
4.304734170436859131e-01
4.655001759529113770e-01
3.953644633293151855e-01
3.262467980384826660e-01
5.555259585380554199e-01
4.263371229171752930e-01
4.726587533950805664e-01
4.729317426681518555e-01
4.264841675758361816e-01
5.275086164474487305e-01
3.868131637573242188e-01
4.162810444831848145e-01
5.121988058090209961e-01
4.283423423767089844e-01
4.072268903255462646e-01
4.738069474697113037e-01
3.976711928844451904e-01
4.624665379524230957e-01
4.006592035293579102e-01
7.277212738990783691e-01
4.319800734519958496e-01
3.083969652652740479e-01
5.145707130432128906e-01
3.498842120170593262e-01
4.839159548282623291e-01
3.665175437927246094e-01
5.442812442779541016e-01
6.551642417907714844e-01
4.013405442237854004e-01
4.496892094612121582e-01
4.404729008674621582e-01
4.337371885776519775e-01
4.944779276847839355e-01
4.173133969306945801e-01
4.372098445892333984e-01
4.169540405273437500e-01
4.009130001068115234e-01
4.174555540084838867e-01
4.977566003799438477e-01
4.680200815200805664e-01
3.904861211776733398e-01
3.638632893562316895e-01
4.746739864349365234e-01
4.245634973049163818e-01
3.669821023941040039e-01
4.073691666126251221e-01
4.231042265892028809e-01
3.326238989830017090e-01
4.659281373023986816e-01
4.868929982185363770e-01
4.793968796730041504e-01
3.857586681842803955e-01
3.435519039630889893e-01
5.200995206832885742e-01
5.774281024932861328e-01
4.718785583972930908e-01
4.380971789360046387e-01
7.678216695785522461e-01
9.949890375137329102e-01
4.934321343898773193e-01
5.684886574745178223e-01
4.529204964637756348e-01
3.361696004867553711e-01
4.388839304447174072e-01
3.899170756340026855e-01
4.438664913177490234e-01
3.038908243179321289e-01
5.980983972549438477e-01
2.246305346488952637e-01
2.791542708873748779e-01
3.892827332019805908e-01
5.031166672706604004e-01
4.003210365772247314e-01
4.624803066253662109e-01
5.130431652069091797e-01
4.460558891296386719e-01
4.056023061275482178e-01
3.636573553085327148e-01
3.516827225685119629e-01
3.818385004997253418e-01
5.420646667480468750e-01
4.758023619651794434e-01
4.236271381378173828e-01
3.667110502719879150e-01
4.020376205444335938e-01
4.455727040767669678e-01
5.021860599517822266e-01
4.478861093521118164e-01
5.298087596893310547e-01
6.279560327529907227e-01
4.454155862331390381e-01
4.246641397476196289e-01
3.018316626548767090e-01
4.308951497077941895e-01
4.108085632324218750e-01
4.400350153446197510e-01
3.029661178588867188e-01
4.995407760143280029e-01
5.014867782592773438e-01
4.436132907867431641e-01
4.379366636276245117e-01
6.524937152862548828e-01
3.360952138900756836e-01
5.103455781936645508e-01
4.038109779357910156e-01
3.420650959014892578e-01
5.750697255134582520e-01
3.450126647949218750e-01
2.665611505508422852e-01
4.113108515739440918e-01
3.769445717334747314e-01
4.025528132915496826e-01
3.879199028015136719e-01
7.690298557281494141e-01
5.464550256729125977e-01
3.434351980686187744e-01
4.095419645309448242e-01
4.381079673767089844e-01
5.035680532455444336e-01
4.378567934036254883e-01
3.346991837024688721e-01
3.497686088085174561e-01
3.170565962791442871e-01
4.547019004821777344e-01
3.828724622726440430e-01
3.648540675640106201e-01
3.577092587947845459e-01
4.862250685691833496e-01
5.593210458755493164e-01
3.120753765106201172e-01
4.990376830101013184e-01
4.978589117527008057e-01
4.537816047668457031e-01
4.669575095176696777e-01
4.346862137317657471e-01
4.397162795066833496e-01
3.642226457595825195e-01
3.551740050315856934e-01
4.988068342208862305e-01
3.015457391738891602e-01
4.624202251434326172e-01
2.958090901374816895e-01
4.955062866210937500e-01
4.872206151485443115e-01
7.639012932777404785e-01
5.196785926818847656e-01
4.668357670307159424e-01
4.148326218128204346e-01
5.085129737854003906e-01
4.130846858024597168e-01
3.678159117698669434e-01
4.385784268379211426e-01
4.642675518989562988e-01
3.673136830329895020e-01
4.832620024681091309e-01
3.779389560222625732e-01
4.060573875904083252e-01
5.713058710098266602e-01
4.214358031749725342e-01
6.654366254806518555e-01
4.845333099365234375e-01
4.443091154098510742e-01
5.518098473548889160e-01
4.327226281166076660e-01
4.844093024730682373e-01
3.922528624534606934e-01
3.710013926029205322e-01
4.743116199970245361e-01
4.894551038742065430e-01
5.496462583541870117e-01
5.518325567245483398e-01
3.860882818698883057e-01
3.528047800064086914e-01
4.478806257247924805e-01
4.049201607704162598e-01
3.620149791240692139e-01
4.532148838043212891e-01
4.716532826423645020e-01
4.210760891437530518e-01
4.557940363883972168e-01
3.106530606746673584e-01
6.494539976119995117e-01
3.417634367942810059e-01
3.569948077201843262e-01
3.750676214694976807e-01
5.511726140975952148e-01
5.405073165893554688e-01
4.030919373035430908e-01
3.734613955020904541e-01
3.769270777702331543e-01
3.992188572883605957e-01
4.490844607353210449e-01
4.473236799240112305e-01
4.233634471893310547e-01
5.447026491165161133e-01
4.911715388298034668e-01
4.588036239147186279e-01
3.297984004020690918e-01
3.639203310012817383e-01
5.672852396965026855e-01
7.150075435638427734e-01
3.641882538795471191e-01
4.316230118274688721e-01
3.901919722557067871e-01
4.356989264488220215e-01
3.432236313819885254e-01
4.452648460865020752e-01
4.638600349426269531e-01
4.188264608383178711e-01
4.365196228027343750e-01
3.599450588226318359e-01
4.587755203247070312e-01
3.935778737068176270e-01
4.057288765907287598e-01
4.784159660339355469e-01
3.253667950630187988e-01
4.402308464050292969e-01
4.247398972511291504e-01
4.501328468322753906e-01
6.454653739929199219e-01
4.899910092353820801e-01
5.215108394622802734e-01
4.105104207992553711e-01
4.559024870395660400e-01
4.907730221748352051e-01
5.825059413909912109e-01
4.260956645011901855e-01
4.123790264129638672e-01
4.747261404991149902e-01
4.507316350936889648e-01
4.574765563011169434e-01
3.951190114021301270e-01
4.587598145008087158e-01
5.060147047042846680e-01
4.030187129974365234e-01
8.350832462310791016e-01
3.777348697185516357e-01
4.242791533470153809e-01
6.768035292625427246e-01
4.858917593955993652e-01
4.055351018905639648e-01
4.506646096706390381e-01
4.148542881011962891e-01
4.174447357654571533e-01
4.766086935997009277e-01
3.960177600383758545e-01
5.278522968292236328e-01
1.923478543758392334e-01
4.060640931129455566e-01
4.943521022796630859e-01
3.993408083915710449e-01
3.962825834751129150e-01
4.511448144912719727e-01
3.743081986904144287e-01
4.253451228141784668e-01
5.773899555206298828e-01
4.014665484428405762e-01
4.584920108318328857e-01
5.566350817680358887e-01
4.447926878929138184e-01
4.935185611248016357e-01
4.322844147682189941e-01
4.065699279308319092e-01
5.603169202804565430e-01
3.735038638114929199e-01
5.518736839294433594e-01
3.736871778964996338e-01
3.827911615371704102e-01
5.419378280639648438e-01
4.468278288841247559e-01
3.304966092109680176e-01
4.134021997451782227e-01
4.766864776611328125e-01
4.135015010833740234e-01
4.956256151199340820e-01
4.502878785133361816e-01
3.709200620651245117e-01
3.784576058387756348e-01
4.185550212860107422e-01
4.468759894371032715e-01
4.253664016723632812e-01
4.449398517608642578e-01
5.073617100715637207e-01
4.270552992820739746e-01
4.035206437110900879e-01
4.067534804344177246e-01
5.221866369247436523e-01
6.027076840400695801e-01
3.304294943809509277e-01
5.562136173248291016e-01
3.644742369651794434e-01
4.835541248321533203e-01
4.193273186683654785e-01
3.909261226654052734e-01
2.393565326929092407e-01
4.748138189315795898e-01
3.106027543544769287e-01
3.096902072429656982e-01
6.496938467025756836e-01
4.637777209281921387e-01
4.456418454647064209e-01
4.072880148887634277e-01
3.839647173881530762e-01
4.769303798675537109e-01
4.401414990425109863e-01
4.137076139450073242e-01
5.138745307922363281e-01
5.043036937713623047e-01
4.700086116790771484e-01
4.933617711067199707e-01
4.966548085212707520e-01
4.561232626438140869e-01
4.360972046852111816e-01
4.408560395240783691e-01
4.669438302516937256e-01
2.803986668586730957e-01
4.308312535285949707e-01
4.687678813934326172e-01
4.318903088569641113e-01
4.648646116256713867e-01
4.588906168937683105e-01
4.425349235534667969e-01
4.207625687122344971e-01
3.478578031063079834e-01
4.527595639228820801e-01
4.028538465499877930e-01
4.383220374584197998e-01
4.539691507816314697e-01
4.661062955856323242e-01
4.444885551929473877e-01
4.720053672790527344e-01
4.719384908676147461e-01
4.094313085079193115e-01
5.520696640014648438e-01
4.964514970779418945e-01
4.765197336673736572e-01
4.050307869911193848e-01
3.968099057674407959e-01
4.641118645668029785e-01
3.808175325393676758e-01
4.418272674083709717e-01
6.573010683059692383e-01
3.421993851661682129e-01
4.939084649085998535e-01
2.354087233543395996e-01
3.753868937492370605e-01
4.593350589275360107e-01
3.861621618270874023e-01
4.109628498554229736e-01
3.716812729835510254e-01
4.016595482826232910e-01
4.995205700397491455e-01
5.467929840087890625e-01
4.542022943496704102e-01
8.543013334274291992e-01
4.391213655471801758e-01
4.494332075119018555e-01
6.092200279235839844e-01
5.141451358795166016e-01
4.091769456863403320e-01
4.599385559558868408e-01
4.153835475444793701e-01
4.622593522071838379e-01
3.739832043647766113e-01
6.258950233459472656e-01
4.331955015659332275e-01
3.773528039455413818e-01
2.930145859718322754e-01
3.942243456840515137e-01
3.974319994449615479e-01
4.168856441974639893e-01
5.372360348701477051e-01
4.837795794010162354e-01
4.529360532760620117e-01
3.954569101333618164e-01
2.234138399362564087e-01
4.656909108161926270e-01
3.677028417587280273e-01
4.200164079666137695e-01
4.102652966976165771e-01
5.002623796463012695e-01
5.349462032318115234e-01
4.348816871643066406e-01
4.984593987464904785e-01
4.252789914608001709e-01
4.348682761192321777e-01
3.488417565822601318e-01
4.897351264953613281e-01
4.472580552101135254e-01
4.728211164474487305e-01
3.137262463569641113e-01
3.780328631401062012e-01
4.839917719364166260e-01
5.296518802642822266e-01
4.184691309928894043e-01
4.824637472629547119e-01
5.905553102493286133e-01
3.724243342876434326e-01
4.474465847015380859e-01
4.698617756366729736e-01
4.668230414390563965e-01
4.301322400569915771e-01
4.172219634056091309e-01
5.704388022422790527e-01
6.925566196441650391e-01
4.894023835659027100e-01
4.876433610916137695e-01
2.487218528985977173e-01
4.325395822525024414e-01
4.885435700416564941e-01
4.532903432846069336e-01
5.566733479499816895e-01
4.115719795227050781e-01
3.098772168159484863e-01
3.353641629219055176e-01
5.408200025558471680e-01
4.476886391639709473e-01
4.727966189384460449e-01
4.546498656272888184e-01
3.900539278984069824e-01
4.479902982711791992e-01
5.756256580352783203e-01
3.676502108573913574e-01
6.607810258865356445e-01
3.770026564598083496e-01
4.869612753391265869e-01
4.135744571685791016e-01
4.224695563316345215e-01
4.924678802490234375e-01
4.327814579010009766e-01
4.360072612762451172e-01
3.570681512355804443e-01
4.237605333328247070e-01
4.310287237167358398e-01
5.052260756492614746e-01
3.820686936378479004e-01
3.999502658843994141e-01
3.551162183284759521e-01
3.949099779129028320e-01
3.465861678123474121e-01
4.499277472496032715e-01
4.435973763465881348e-01
5.752533078193664551e-01
7.136991620063781738e-01
4.178945422172546387e-01
3.744896054267883301e-01
5.076532959938049316e-01
5.983306765556335449e-01
3.523071110248565674e-01
4.346854090690612793e-01
5.133618116378784180e-01
3.320738673210144043e-01
3.946567177772521973e-01
4.075897932052612305e-01
4.936729669570922852e-01
3.990834355354309082e-01
3.951735496520996094e-01
4.213569164276123047e-01
4.026514887809753418e-01
3.855219483375549316e-01
6.019065380096435547e-01
3.150359392166137695e-01
5.665122270584106445e-01
2.066392898559570312e-01
4.350233078002929688e-01
4.279368817806243896e-01
4.055416584014892578e-01
4.189091920852661133e-01
4.345084428787231445e-01
3.033099472522735596e-01
6.029429435729980469e-01
5.275877118110656738e-01
5.562919378280639648e-01
4.370695352554321289e-01
3.845061063766479492e-01
5.121588706970214844e-01
4.439068138599395752e-01
3.762656748294830322e-01
3.186874985694885254e-01
4.593784213066101074e-01
2.986055016517639160e-01
2.385380864143371582e-01
3.161305785179138184e-01
4.252168536186218262e-01
3.677222728729248047e-01
3.634569048881530762e-01
4.964599311351776123e-01
6.449048519134521484e-01
3.395944833755493164e-01
3.742182850837707520e-01
4.912239909172058105e-01
4.627221226692199707e-01
5.314271450042724609e-01
3.466758430004119873e-01
5.828731060028076172e-01
3.859274685382843018e-01
5.064703226089477539e-01
3.858010768890380859e-01
4.910844564437866211e-01
4.467355310916900635e-01
3.571144342422485352e-01
3.380848765373229980e-01
4.059588909149169922e-01
4.535576105117797852e-01
3.613429069519042969e-01
4.329822659492492676e-01
3.547752499580383301e-01
3.139398992061614990e-01
2.539991140365600586e-01
5.244770646095275879e-01
4.478767514228820801e-01
5.349073410034179688e-01
4.117203652858734131e-01
5.149426460266113281e-01
2.786442935466766357e-01
4.385813176631927490e-01
5.746216773986816406e-01
4.740723967552185059e-01
2.723422348499298096e-01
3.719082176685333252e-01
3.459854423999786377e-01
4.143017232418060303e-01
3.663031458854675293e-01
4.418166875839233398e-01
3.628439903259277344e-01
4.507547020912170410e-01
3.275970518589019775e-01
4.917705655097961426e-01
4.909513592720031738e-01
5.298242568969726562e-01
4.081423282623291016e-01
3.677438199520111084e-01
4.744978547096252441e-01
4.491827487945556641e-01
3.037517666816711426e-01
3.441951870918273926e-01
3.892979323863983154e-01
4.071405231952667236e-01
4.408226609230041504e-01
3.369925618171691895e-01
4.256981015205383301e-01
4.562478661537170410e-01
5.483440756797790527e-01
5.736336708068847656e-01
4.897996187210083008e-01
5.656920671463012695e-01
3.969066739082336426e-01
5.242947936058044434e-01
3.383446335792541504e-01
3.186254501342773438e-01
5.495000481605529785e-01
4.589992761611938477e-01
4.854717254638671875e-01
3.607497513294219971e-01
5.234588980674743652e-01
3.566858768463134766e-01
3.658820092678070068e-01
5.254851579666137695e-01
6.567608118057250977e-01
3.487840592861175537e-01
3.040369451045989990e-01
5.500218868255615234e-01
3.564149737358093262e-01
3.755363225936889648e-01
5.093235373497009277e-01
3.362858295440673828e-01
4.445465803146362305e-01
4.499581456184387207e-01
2.994673848152160645e-01
4.272580742835998535e-01
3.897024393081665039e-01
4.203791022300720215e-01
2.113008499145507812e-01
4.351330697536468506e-01
6.655440926551818848e-01
9.033190011978149414e-01
3.935512900352478027e-01
3.655814528465270996e-01
2.610704898834228516e-01
4.321964681148529053e-01
4.624027311801910400e-01
3.344332575798034668e-01
3.952232301235198975e-01
4.500700235366821289e-01
4.163370132446289062e-01
4.915605187416076660e-01
4.111143648624420166e-01
4.791594147682189941e-01
3.901624083518981934e-01
4.981858134269714355e-01
4.477378726005554199e-01
6.212947368621826172e-01
5.134950280189514160e-01
3.942734003067016602e-01
5.328074693679809570e-01
4.036254286766052246e-01
4.576275348663330078e-01
4.333217442035675049e-01
3.648607730865478516e-01
4.483233094215393066e-01
1.811329722404479980e-01
3.945833742618560791e-01
3.329545259475708008e-01
4.346439838409423828e-01
3.304995298385620117e-01
